	Harekete Başlama Anı	Çarpma Anı	Çarpmasız Süre	Kümülatif Süre
0	1602454764			0
1	1602454764	1602454793	28,38119888	28,38
2	1602454796	1602454801	4,524747849	32,91
3	1602454804	1602454806	1,37339282	34,28
4	1602454809	1602454812	3,494718075	37,77
5	1602454816	1602454818	2,46056509	40,23
6	1602454822	1602454824	2,459661007	42,69
7	1602454828	1602454843	14,98743701	57,68
8	1602454846	1602454865	18,55749583	76,24
9	1602454868	1602454887	19,33571315	95,57
10	1602454891	1602454893	1,78716898	97,36
11	1602454896	1602454904	7,527099133	104,89
12	1602454907	1602454936	29,07190895	133,96
13	1602454940	1602454941	1,393121004	135,35
14	1602454944	1602454957	13,15207791	148,51
15	1602454961	1602454983	22,25518918	170,76
16	1602454986	1602455033	46,13711596	216,90
17	1602455036	1602455039	2,465362787	219,36
18	1602455042	1602455045	3,109673977	222,47
19	1602455049	1602455051	2,452868938	224,93
20	1602455054	1602455057	2,457034111	227,38
21	1602455060	1602455062	1,396599054	228,78
22	1602455065	1602455068	2,769912004	231,55
23	1602455071	1602455073	1,736410856	233,29
24	1602455076	1602455081	4,836728096	238,12
25	1602455085	1602455086	1,381269932	239,50
26	1602455089	1602455107	17,33717513	256,84
27	1602455110	1602455115	5,134944201	261,98
28	1602455119	1602455122	3,117841005	265,09
29	1602455125	1602455159	33,77029586	298,86
30	1602455162	1602455165	2,803556919	301,67
31	1602455169	1602455178	9,693570137	311,36
32	1602455182	1602455184	2,079452991	313,44
33	1602455187	1602455190	2,439748049	315,88
34	1602455193	1602455218	24,60527396	340,49
35	1602455221	1602455298	76,54921985	417,04
36	1602455301	1602455335	33,37511897	450,41
37	1602455338	1602455340	2,133383036	452,54
38	1602455344	1602455348	3,752868891	456,30
39	1602455351	1602455353	1,734146833	458,03
40	1602455356	1602455425	68,60377407	526,63
41	1602455428	1602455434	6,200016022	532,83
42	1602455438	1602455441	2,716315985	535,55
43	1602455444	1602455447	2,420846939	537,97
44	1602455450	1602455453	3,100180864	541,07
45	1602455457	1602455459	2,442703009	543,51
46	1602455462	1602455465	2,436285973	545,95
47	1602455468	1602455472	3,768782854	549,72
48	1602455476	1602455478	2,046783924	551,77
49	1602455481	1602455483	2,392003059	554,16
50	1602455487	1602455490	3,413583994	557,57
51	1602455494	1602455512	17,97378397	575,55
52	1602455515	1602455625	109,565598	685,11
53	1602455628	1602455638	9,408715963	694,52
54	1602455641	1602455643	2,082043886	696,60
55	1602455647	1602455649	2,785812855	699,39
56	1602455653	1602455656	2,749389887	702,14
57	1602455659	1602455746	86,56058192	788,70
58	1602455749	1602455752	2,435549021	791,13
59	1602455755	1602455757	2,390168905	793,52
60	1602455761	1602455763	2,444136858	795,97
61	1602455767	1602455770	3,115358114	799,08
62	1602455773	1602455776	2,758663893	801,84
63	1602455780	1602455782	2,412935972	804,26
64	1602455785	1602455788	3,057641029	807,31
65	1602455792	1602455822	30,1386199	837,45
66	1602455826	1602455831	5,432026863	842,88
67	1602455834	1602455857	22,6201489	865,50
68	1602455860	1602455900	39,69946003	905,20
69	1602455904	1602455906	2,388999939	907,59
70	1602455909	1602455913	3,066251993	910,66
71	1602455916	1602455956	40,19501901	950,85
72	1602455960	1602455973	13,34780097	964,20
73	1602455976	1602456001	24,71975398	988,92
74	1602456005	1602456012	7,549299955	996,47
75	1602456016	1602456025	9,611248016	1006,08
76	1602456029	1602456033	4,50910902	1010,59
77	1602456037	1602456039	2,773168087	1013,36
78	1602456043	1602456045	2,407482862	1015,77
79	1602456049	1602456051	2,383764029	1018,15
80	1602456055	1602456063	8,304858923	1026,46
81	1602456066	1602456068	1,762895823	1028,22
82	1602456072	1602456074	2,771968842	1030,99
83	1602456078	1602456081	2,803416967	1033,80
84	1602456084	1602456087	2,483440876	1036,28
85	1602456090	1602456092	2,428730011	1038,71
86	1602456096	1602456104	7,989900112	1046,70
87	1602456107	1602456110	2,796514034	1049,50
88	1602456114	1602456131	16,92129993	1066,42
89	1602456134	1602456137	3,121023178	1069,54
90	1602456141	1602456143	2,414009094	1071,95
91	1602456146	1602456203	56,51174784	1128,46
92	1602456206	1602456426	219,2323742	1347,70
93	1602456429	1602456437	7,491632938	1355,19
94	1602456440	1602456443	3,12702322	1358,32
95	1602456447	1602456458	11,30322409	1369,62
96	1602456461	1602456464	2,384095907	1372,00
97	1602456467	1602456485	18,02832699	1390,03
98	1602456489	1602456498	9,247769117	1399,28
99	1602456501	1602456524	22,9324739	1422,21
100	1602456528	1602456531	2,787599087	1425,00
101	1602456534	1602456535	1,062751055	1426,06
102	1602456538	1602456607	68,89695406	1494,96
103	1602456610	1602456813	203,0512168	1698,01
104	1602456817	1602456819	2,086624146	1700,10
105	1602456822	1602456825	2,389354944	1702,49
106	1602456828	1602456852	23,48443198	1725,97
107	1602456855	1602457013	158,1445749	1884,12
108	1602457017	1602457081	64,22100091	1948,34
109	1602457084	1602457132	47,74359608	1996,08
110	1602457136	1602457137	1,76036191	1997,84
111	1602457141	1602457143	1,738326073	1999,58
112	1602457146	1602457148	2,414534092	2001,99
113	1602457152	1602457154	2,391706228	2004,38
114	1602457158	1602457160	2,461288929	2006,85
115	1602457164	1602457166	2,426445961	2009,27
116	1602457170	1602457222	52,06782389	2061,34
117	1602457225	1602457252	26,88066506	2088,22
118	1602457255	1602457331	75,97653413	2164,20
119	1602457335	1602457342	7,361748934	2171,56
120	1602457346	1602457352	6,654763937	2178,21
121	1602457356	1602457379	22,74711895	2200,96
122	1602457382	1602457440	58,42038298	2259,38
123	1602457444	1602457497	53,53100801	2312,91
124	1602457501	1602457518	17,57009816	2330,48
125	1602457522	1602457525	2,777231932	2333,26
126	1602457528	1602457531	2,436397076	2335,70
127	1602457534	1602457542	7,946490049	2343,64
128	1602457545	1602457558	12,06198692	2355,70
129	1602457561	1602457563	2,051670074	2357,76
130	1602457566	1602457574	7,293533087	2365,05
131	1602457577	1602457580	2,722172022	2367,77
132	1602457583	1602457586	2,154501915	2369,93
133	1602457589	1602457615	25,85505605	2395,78
134	1602457618	1602457628	10,52333021	2406,30
135	1602457601	1602457646	44,45415998	2450,76
136	1602457610	1602457663	52,89965987	2503,66
137	1602457619	1602457681	61,34516001	2565,00
138	1602457628	1602457698	69,7906599	2634,79
139	1602457638	1602457716	78,23616004	2713,03
140	1602457647	1602457733	86,68165994	2799,71
141	1602457656	1602457751	95,12716007	2894,84
142	1602457665	1602457768	103,57266	2998,41
143	1602457674	1602457786	112,0181601	3110,43
144	1602457601	1602457803	201,68416	3312,11
145	1602457610	1602457821	210,1296599	3522,24
146	1602457619	1602457838	218,57516	3740,82
147	1602457628	1602457856	227,0206599	3967,84
148	1602457638	1602457873	235,4661601	4203,31
149	1602457647	1602457890	243,91166	4447,22
150	1602457656	1602457908	252,3571601	4699,57
151	1602457665	1602457925	260,80266	4960,38
